# Camera list with one line of data per camera:
#   CAMERA_ID, MODEL, WIDTH, HEIGHT, PARAMS[]
# Number of cameras: 240
1 PINHOLE 512 512 304.6439514160156 304.6439514160156 256.0 256.0
2 PINHOLE 512 512 304.64398193359375 304.6440124511719 256.0 256.0
3 PINHOLE 512 512 304.6440124511719 304.64398193359375 256.0 256.0
4 PINHOLE 512 512 304.6438903808594 304.6438903808594 256.0 256.0
5 PINHOLE 512 512 304.6439514160156 304.6439514160156 256.0 256.0
6 PINHOLE 512 512 304.6439514160156 304.6439514160156 256.0 256.0
7 PINHOLE 512 512 304.6439514160156 304.6439514160156 256.0 256.0
8 PINHOLE 512 512 304.6439208984375 304.6439208984375 256.0 256.0
9 PINHOLE 512 512 304.6439514160156 304.64398193359375 256.0 256.0
10 PINHOLE 512 512 304.6439514160156 304.6439514160156 256.0 256.0
11 PINHOLE 512 512 304.6439514160156 304.6439514160156 256.0 256.0
12 PINHOLE 512 512 304.6440124511719 304.64398193359375 256.0 256.0
13 PINHOLE 512 512 304.64398193359375 304.6440124511719 256.0 256.0
14 PINHOLE 512 512 304.6439514160156 304.6439514160156 256.0 256.0
15 PINHOLE 512 512 304.6439208984375 304.6439208984375 256.0 256.0
16 PINHOLE 512 512 304.6439514160156 304.64398193359375 256.0 256.0
17 PINHOLE 512 512 304.6439514160156 304.6439514160156 256.0 256.0
18 PINHOLE 512 512 304.6439514160156 304.6439514160156 256.0 256.0
19 PINHOLE 512 512 304.6439208984375 304.6439514160156 256.0 256.0
20 PINHOLE 512 512 304.6439208984375 304.6439208984375 256.0 256.0
21 PINHOLE 512 512 304.6439514160156 304.6439514160156 256.0 256.0
22 PINHOLE 512 512 304.6439514160156 304.64398193359375 256.0 256.0
23 PINHOLE 512 512 304.64398193359375 304.64398193359375 256.0 256.0
24 PINHOLE 512 512 304.6439514160156 304.6439208984375 256.0 256.0
25 PINHOLE 512 512 304.64398193359375 304.6439514160156 256.0 256.0
26 PINHOLE 512 512 304.6439514160156 304.6439514160156 256.0 256.0
27 PINHOLE 512 512 304.6439514160156 304.6439514160156 256.0 256.0
28 PINHOLE 512 512 304.6439208984375 304.6439208984375 256.0 256.0
29 PINHOLE 512 512 304.64398193359375 304.6439514160156 256.0 256.0
30 PINHOLE 512 512 304.6439514160156 304.6439514160156 256.0 256.0
31 PINHOLE 512 512 304.64398193359375 304.6439514160156 256.0 256.0
32 PINHOLE 512 512 304.64398193359375 304.64398193359375 256.0 256.0
33 PINHOLE 512 512 304.6439514160156 304.64398193359375 256.0 256.0
34 PINHOLE 512 512 304.6439514160156 304.6439514160156 256.0 256.0
35 PINHOLE 512 512 304.64398193359375 304.6439514160156 256.0 256.0
36 PINHOLE 512 512 304.64398193359375 304.6439514160156 256.0 256.0
37 PINHOLE 512 512 304.6439514160156 304.6439514160156 256.0 256.0
38 PINHOLE 512 512 304.6439514160156 304.6439514160156 256.0 256.0
39 PINHOLE 512 512 304.6439514160156 304.6439514160156 256.0 256.0
40 PINHOLE 512 512 304.6439208984375 304.6439208984375 256.0 256.0
41 PINHOLE 512 512 304.64398193359375 304.6439514160156 256.0 256.0
42 PINHOLE 512 512 304.6440124511719 304.64398193359375 256.0 256.0
43 PINHOLE 512 512 304.6440124511719 304.6439514160156 256.0 256.0
44 PINHOLE 512 512 304.6439208984375 304.6438903808594 256.0 256.0
45 PINHOLE 512 512 304.6440124511719 304.6439514160156 256.0 256.0
46 PINHOLE 512 512 304.6439514160156 304.6439514160156 256.0 256.0
47 PINHOLE 512 512 304.6439514160156 304.6439514160156 256.0 256.0
48 PINHOLE 512 512 304.6439208984375 304.6438903808594 256.0 256.0
49 PINHOLE 512 512 304.64398193359375 304.64398193359375 256.0 256.0
50 PINHOLE 512 512 304.64398193359375 304.6439514160156 256.0 256.0
51 PINHOLE 512 512 304.6439514160156 304.6439208984375 256.0 256.0
52 PINHOLE 512 512 304.6440124511719 304.6439514160156 256.0 256.0
53 PINHOLE 512 512 304.6440124511719 304.64398193359375 256.0 256.0
54 PINHOLE 512 512 304.64398193359375 304.6439208984375 256.0 256.0
55 PINHOLE 512 512 304.64398193359375 304.6439208984375 256.0 256.0
56 PINHOLE 512 512 304.64398193359375 304.64398193359375 256.0 256.0
57 PINHOLE 512 512 304.64398193359375 304.6439514160156 256.0 256.0
58 PINHOLE 512 512 304.6439514160156 304.6439514160156 256.0 256.0
59 PINHOLE 512 512 304.6439514160156 304.6439514160156 256.0 256.0
60 PINHOLE 512 512 304.6439208984375 304.6438903808594 256.0 256.0
61 PINHOLE 512 512 304.6439514160156 304.6439514160156 256.0 256.0
62 PINHOLE 512 512 304.6440124511719 304.64398193359375 256.0 256.0
63 PINHOLE 512 512 304.64404296875 304.64398193359375 256.0 256.0
64 PINHOLE 512 512 304.6439208984375 304.6439208984375 256.0 256.0
65 PINHOLE 512 512 304.64398193359375 304.64398193359375 256.0 256.0
66 PINHOLE 512 512 304.6439514160156 304.6439514160156 256.0 256.0
67 PINHOLE 512 512 304.6439514160156 304.6439514160156 256.0 256.0
68 PINHOLE 512 512 304.6439208984375 304.6439208984375 256.0 256.0
69 PINHOLE 512 512 304.6439514160156 304.64398193359375 256.0 256.0
70 PINHOLE 512 512 304.6439514160156 304.6439514160156 256.0 256.0
71 PINHOLE 512 512 304.6439514160156 304.6439514160156 256.0 256.0
72 PINHOLE 512 512 304.64404296875 304.64398193359375 256.0 256.0
73 PINHOLE 512 512 304.6440124511719 304.64398193359375 256.0 256.0
74 PINHOLE 512 512 304.6439514160156 304.6439514160156 256.0 256.0
75 PINHOLE 512 512 304.6439514160156 304.6439514160156 256.0 256.0
76 PINHOLE 512 512 304.6439514160156 304.64398193359375 256.0 256.0
77 PINHOLE 512 512 304.6439514160156 304.6439514160156 256.0 256.0
78 PINHOLE 512 512 304.6439514160156 304.6439514160156 256.0 256.0
79 PINHOLE 512 512 304.6439514160156 304.6439514160156 256.0 256.0
80 PINHOLE 512 512 304.6439208984375 304.6439208984375 256.0 256.0
81 PINHOLE 512 512 304.6439514160156 304.6439514160156 256.0 256.0
82 PINHOLE 512 512 304.64398193359375 304.6440124511719 256.0 256.0
83 PINHOLE 512 512 304.64398193359375 304.6439514160156 256.0 256.0
84 PINHOLE 512 512 304.6438903808594 304.6438903808594 256.0 256.0
85 PINHOLE 512 512 304.64398193359375 304.6439514160156 256.0 256.0
86 PINHOLE 512 512 304.6439514160156 304.6439514160156 256.0 256.0
87 PINHOLE 512 512 304.6439208984375 304.6439514160156 256.0 256.0
88 PINHOLE 512 512 304.6439514160156 304.6439208984375 256.0 256.0
89 PINHOLE 512 512 304.6439514160156 304.64398193359375 256.0 256.0
90 PINHOLE 512 512 304.6439514160156 304.6439514160156 256.0 256.0
91 PINHOLE 512 512 304.6439514160156 304.6439514160156 256.0 256.0
92 PINHOLE 512 512 304.64398193359375 304.6439514160156 256.0 256.0
93 PINHOLE 512 512 304.64398193359375 304.6440124511719 256.0 256.0
94 PINHOLE 512 512 304.6439514160156 304.6439514160156 256.0 256.0
95 PINHOLE 512 512 304.6439514160156 304.6439208984375 256.0 256.0
96 PINHOLE 512 512 304.6439514160156 304.64398193359375 256.0 256.0
97 PINHOLE 512 512 304.6439514160156 304.6439514160156 256.0 256.0
98 PINHOLE 512 512 304.6439514160156 304.6439514160156 256.0 256.0
99 PINHOLE 512 512 304.6439208984375 304.6439514160156 256.0 256.0
100 PINHOLE 512 512 304.6439514160156 304.6439208984375 256.0 256.0
101 PINHOLE 512 512 304.6439514160156 304.6439514160156 256.0 256.0
102 PINHOLE 512 512 304.64398193359375 304.64398193359375 256.0 256.0
103 PINHOLE 512 512 304.6440124511719 304.6440124511719 256.0 256.0
104 PINHOLE 512 512 304.6439208984375 304.6439208984375 256.0 256.0
105 PINHOLE 512 512 304.6440124511719 304.64398193359375 256.0 256.0
106 PINHOLE 512 512 304.6439514160156 304.6439514160156 256.0 256.0
107 PINHOLE 512 512 304.6439514160156 304.6439514160156 256.0 256.0
108 PINHOLE 512 512 304.6439514160156 304.6439208984375 256.0 256.0
109 PINHOLE 512 512 304.6439514160156 304.64398193359375 256.0 256.0
110 PINHOLE 512 512 304.64398193359375 304.64398193359375 256.0 256.0
111 PINHOLE 512 512 304.6439514160156 304.6439514160156 256.0 256.0
112 PINHOLE 512 512 304.6440124511719 304.6440124511719 256.0 256.0
113 PINHOLE 512 512 304.64398193359375 304.64398193359375 256.0 256.0
114 PINHOLE 512 512 304.6439514160156 304.6439514160156 256.0 256.0
115 PINHOLE 512 512 304.64398193359375 304.6439514160156 256.0 256.0
116 PINHOLE 512 512 304.6439514160156 304.64398193359375 256.0 256.0
117 PINHOLE 512 512 304.64398193359375 304.64398193359375 256.0 256.0
118 PINHOLE 512 512 304.6439514160156 304.6439514160156 256.0 256.0
119 PINHOLE 512 512 304.6439514160156 304.6439514160156 256.0 256.0
120 PINHOLE 512 512 304.6439514160156 304.6439208984375 256.0 256.0
121 PINHOLE 512 512 304.6439514160156 304.6439514160156 256.0 256.0
122 PINHOLE 512 512 304.64398193359375 304.6440124511719 256.0 256.0
123 PINHOLE 512 512 304.64398193359375 304.6439514160156 256.0 256.0
124 PINHOLE 512 512 304.6439208984375 304.6439208984375 256.0 256.0
125 PINHOLE 512 512 304.64398193359375 304.64398193359375 256.0 256.0
126 PINHOLE 512 512 304.6439514160156 304.6439514160156 256.0 256.0
127 PINHOLE 512 512 304.6439514160156 304.6439514160156 256.0 256.0
128 PINHOLE 512 512 304.6439208984375 304.6439208984375 256.0 256.0
129 PINHOLE 512 512 304.6439514160156 304.64398193359375 256.0 256.0
130 PINHOLE 512 512 304.64398193359375 304.6439514160156 256.0 256.0
131 PINHOLE 512 512 304.6439514160156 304.6439514160156 256.0 256.0
132 PINHOLE 512 512 304.64398193359375 304.6439514160156 256.0 256.0
133 PINHOLE 512 512 304.64398193359375 304.6440124511719 256.0 256.0
134 PINHOLE 512 512 304.6439514160156 304.6439514160156 256.0 256.0
135 PINHOLE 512 512 304.6439514160156 304.6439514160156 256.0 256.0
136 PINHOLE 512 512 304.6439514160156 304.64398193359375 256.0 256.0
137 PINHOLE 512 512 304.64398193359375 304.6439514160156 256.0 256.0
138 PINHOLE 512 512 304.6439514160156 304.6439514160156 256.0 256.0
139 PINHOLE 512 512 304.6439514160156 304.6439514160156 256.0 256.0
140 PINHOLE 512 512 304.6439208984375 304.6439208984375 256.0 256.0
141 PINHOLE 512 512 304.6439514160156 304.6439514160156 256.0 256.0
142 PINHOLE 512 512 304.64398193359375 304.6440124511719 256.0 256.0
143 PINHOLE 512 512 304.64398193359375 304.6439514160156 256.0 256.0
144 PINHOLE 512 512 304.6439208984375 304.6439208984375 256.0 256.0
145 PINHOLE 512 512 304.6440124511719 304.6439514160156 256.0 256.0
146 PINHOLE 512 512 304.6439514160156 304.6439514160156 256.0 256.0
147 PINHOLE 512 512 304.6439514160156 304.6439514160156 256.0 256.0
148 PINHOLE 512 512 304.6438903808594 304.6438903808594 256.0 256.0
149 PINHOLE 512 512 304.6439514160156 304.6439514160156 256.0 256.0
150 PINHOLE 512 512 304.64398193359375 304.6439514160156 256.0 256.0
151 PINHOLE 512 512 304.6439514160156 304.6439514160156 256.0 256.0
152 PINHOLE 512 512 304.64398193359375 304.6439514160156 256.0 256.0
153 PINHOLE 512 512 304.64398193359375 304.6440124511719 256.0 256.0
154 PINHOLE 512 512 304.6439208984375 304.6439208984375 256.0 256.0
155 PINHOLE 512 512 304.64398193359375 304.6439208984375 256.0 256.0
156 PINHOLE 512 512 304.6439514160156 304.6439514160156 256.0 256.0
157 PINHOLE 512 512 304.64398193359375 304.6439514160156 256.0 256.0
158 PINHOLE 512 512 304.6439514160156 304.6439514160156 256.0 256.0
159 PINHOLE 512 512 304.6439514160156 304.6439514160156 256.0 256.0
160 PINHOLE 512 512 304.6439208984375 304.6439208984375 256.0 256.0
161 PINHOLE 512 512 304.6439514160156 304.6439514160156 256.0 256.0
162 PINHOLE 512 512 304.6439514160156 304.64398193359375 256.0 256.0
163 PINHOLE 512 512 304.64398193359375 304.64398193359375 256.0 256.0
164 PINHOLE 512 512 304.6439208984375 304.6439208984375 256.0 256.0
165 PINHOLE 512 512 304.64398193359375 304.64398193359375 256.0 256.0
166 PINHOLE 512 512 304.6439514160156 304.6439514160156 256.0 256.0
167 PINHOLE 512 512 304.6439208984375 304.6439514160156 256.0 256.0
168 PINHOLE 512 512 304.64398193359375 304.6439208984375 256.0 256.0
169 PINHOLE 512 512 304.6439514160156 304.6439514160156 256.0 256.0
170 PINHOLE 512 512 304.6439514160156 304.6439514160156 256.0 256.0
171 PINHOLE 512 512 304.6439514160156 304.6439514160156 256.0 256.0
172 PINHOLE 512 512 304.64398193359375 304.64398193359375 256.0 256.0
173 PINHOLE 512 512 304.6439514160156 304.64398193359375 256.0 256.0
174 PINHOLE 512 512 304.6439514160156 304.6439514160156 256.0 256.0
175 PINHOLE 512 512 304.6439208984375 304.6439208984375 256.0 256.0
176 PINHOLE 512 512 304.6439514160156 304.6439514160156 256.0 256.0
177 PINHOLE 512 512 304.6439514160156 304.6439514160156 256.0 256.0
178 PINHOLE 512 512 304.6439514160156 304.6439514160156 256.0 256.0
179 PINHOLE 512 512 304.6439208984375 304.6439514160156 256.0 256.0
180 PINHOLE 512 512 304.64398193359375 304.6439208984375 256.0 256.0
181 PINHOLE 512 512 304.6439514160156 304.6439514160156 256.0 256.0
182 PINHOLE 512 512 304.64398193359375 304.64398193359375 256.0 256.0
183 PINHOLE 512 512 304.64398193359375 304.6439514160156 256.0 256.0
184 PINHOLE 512 512 304.6438903808594 304.6438903808594 256.0 256.0
185 PINHOLE 512 512 304.64398193359375 304.6439514160156 256.0 256.0
186 PINHOLE 512 512 304.6439514160156 304.6439514160156 256.0 256.0
187 PINHOLE 512 512 304.6439514160156 304.6439514160156 256.0 256.0
188 PINHOLE 512 512 304.6439514160156 304.6439208984375 256.0 256.0
189 PINHOLE 512 512 304.6439514160156 304.6439514160156 256.0 256.0
190 PINHOLE 512 512 304.6439514160156 304.6439514160156 256.0 256.0
191 PINHOLE 512 512 304.6439514160156 304.6439514160156 256.0 256.0
192 PINHOLE 512 512 304.64398193359375 304.6439514160156 256.0 256.0
193 PINHOLE 512 512 304.64398193359375 304.64398193359375 256.0 256.0
194 PINHOLE 512 512 304.6439514160156 304.6439514160156 256.0 256.0
195 PINHOLE 512 512 304.6439514160156 304.6439208984375 256.0 256.0
196 PINHOLE 512 512 304.6439514160156 304.6439514160156 256.0 256.0
197 PINHOLE 512 512 304.6439514160156 304.6439514160156 256.0 256.0
198 PINHOLE 512 512 304.6439514160156 304.6439514160156 256.0 256.0
199 PINHOLE 512 512 304.6439514160156 304.6439208984375 256.0 256.0
200 PINHOLE 512 512 304.64398193359375 304.6439514160156 256.0 256.0
201 PINHOLE 512 512 304.6439514160156 304.6439514160156 256.0 256.0
202 PINHOLE 512 512 304.6439514160156 304.64398193359375 256.0 256.0
203 PINHOLE 512 512 304.64398193359375 304.64398193359375 256.0 256.0
204 PINHOLE 512 512 304.6439208984375 304.6439208984375 256.0 256.0
205 PINHOLE 512 512 304.6440124511719 304.6439514160156 256.0 256.0
206 PINHOLE 512 512 304.6439514160156 304.6439514160156 256.0 256.0
207 PINHOLE 512 512 304.6439514160156 304.6439514160156 256.0 256.0
208 PINHOLE 512 512 304.6439514160156 304.6439208984375 256.0 256.0
209 PINHOLE 512 512 304.6439514160156 304.6439514160156 256.0 256.0
210 PINHOLE 512 512 304.6439514160156 304.6439514160156 256.0 256.0
211 PINHOLE 512 512 304.6439514160156 304.6439514160156 256.0 256.0
212 PINHOLE 512 512 304.64398193359375 304.64398193359375 256.0 256.0
213 PINHOLE 512 512 304.6439514160156 304.64398193359375 256.0 256.0
214 PINHOLE 512 512 304.6439514160156 304.6439514160156 256.0 256.0
215 PINHOLE 512 512 304.64398193359375 304.6439208984375 256.0 256.0
216 PINHOLE 512 512 304.6439514160156 304.6439514160156 256.0 256.0
217 PINHOLE 512 512 304.6439514160156 304.6439514160156 256.0 256.0
218 PINHOLE 512 512 304.6439514160156 304.6439514160156 256.0 256.0
219 PINHOLE 512 512 304.6439208984375 304.6439208984375 256.0 256.0
220 PINHOLE 512 512 304.6439514160156 304.6439208984375 256.0 256.0
221 PINHOLE 512 512 304.6439514160156 304.6439514160156 256.0 256.0
222 PINHOLE 512 512 304.64398193359375 304.6440124511719 256.0 256.0
223 PINHOLE 512 512 304.64398193359375 304.6439514160156 256.0 256.0
224 PINHOLE 512 512 304.6439208984375 304.6439208984375 256.0 256.0
225 PINHOLE 512 512 304.64398193359375 304.6439514160156 256.0 256.0
226 PINHOLE 512 512 304.6439514160156 304.6439514160156 256.0 256.0
227 PINHOLE 512 512 304.6439514160156 304.6439514160156 256.0 256.0
228 PINHOLE 512 512 304.6439208984375 304.6439208984375 256.0 256.0
229 PINHOLE 512 512 304.6439514160156 304.64398193359375 256.0 256.0
230 PINHOLE 512 512 304.6439514160156 304.6439514160156 256.0 256.0
231 PINHOLE 512 512 304.6439514160156 304.6439514160156 256.0 256.0
232 PINHOLE 512 512 304.64398193359375 304.6439514160156 256.0 256.0
233 PINHOLE 512 512 304.64398193359375 304.6440124511719 256.0 256.0
234 PINHOLE 512 512 304.6439514160156 304.6439514160156 256.0 256.0
235 PINHOLE 512 512 304.6439514160156 304.6439208984375 256.0 256.0
236 PINHOLE 512 512 304.6439514160156 304.64398193359375 256.0 256.0
237 PINHOLE 512 512 304.6439514160156 304.6439514160156 256.0 256.0
238 PINHOLE 512 512 304.6439514160156 304.6439514160156 256.0 256.0
239 PINHOLE 512 512 304.6439514160156 304.6439208984375 256.0 256.0
240 PINHOLE 512 512 304.6439208984375 304.6439208984375 256.0 256.0
